   ,1                    ,2                    ,3                    ,4                    ,5                    ,6                    ,7                    ,8                    ,9                    ,10                   ,11                   ,12                   ,13                   ,14                   ,15                   ,16                   ,17                   ,18                   ,19                   ,20                   ,21                   ,22                   ,23                   ,24                   ,25                   ,26                   ,27                   ,28                   ,29                   ,30                   ,31                   ,249                  ,250                  ,251                  ,252                  ,253                  ,254                  ,255                  ,256                  ,257                  ,258                  ,259                  ,260                  ,261                  ,262                  ,263                  ,264                  ,265                  ,266                  ,267                  ,268                  ,269                  ,270                  ,271                  ,272                  ,273                  ,274                  ,275                  ,276                  ,277                  ,278                  ,279                  ,559                  ,560                  ,561                  ,562                  ,563                  ,564                  ,565                  ,566                  ,567                  ,568                  ,569                  ,570                  ,571                  ,572                  ,573                  ,574                  ,575                  ,576                  ,577                  ,578                  ,579                  ,580                  ,581                  ,582                  ,583                  ,584                  ,585                  ,586                  ,587                  ,588                  ,589
1  ,0.0025629340277777773,0.001740451388888889 ,0.0016611842105263158,0.0017178199404761904,0.001809303977272727 ,0.0015017361111111108,0.0019307291666666672,0.0013747829861111113,0.0016392543859649123,0.0017345120614035087,0.0016406249999999997,0.0016069878472222223,0.0017533052884615384,0.001522253787878788 ,0.0011046006944444445,0.0017007211538461542,0.0012630208333333332,0.0016070713141025646,0.0016676682692307692,0.0015022786458333331,0.0017733373397435899,0.0013313802083333333,0.0012516276041666667,0.0013425925925925927,0.0012514467592592592,0.0014160156250000002,0.001272321428571429 ,0.00140625           ,0.0014127604166666661,0.0014033564814814816,0.0014309895833333336,0.0016521434294871796,0.0016872258771929822,0.0018008814102564103,0.0015714089912280704,0.001746419270833333 ,0.0016371527777777777,0.0017187500000000002,0.0016953125         ,0.0018224158653846155,0.0017526041666666668,0.001637198464912281 ,0.0015433114035087712,0.0016831931089743588,0.0016503906250000002,0.0016942401960784313,0.0017687774122807022,0.0014429450757575753,0.0014284620098039215,0.0016821289062499995,0.0018322172619047617,0.0019030448717948726,0.001624813988095238 ,0.0017907475490196085,0.0013773148148148152,0.0017447916666666668,0.0016877003205128204,0.001876627604166667 ,0.0018446180555555553,0.002120098039215686 ,0.001709201388888889 ,0.0016829427083333334,0.0015733506944444445,0.0015844298245614034,0.0016977163461538462,0.0016635664682539684,0.001582373903508772 ,0.0018146929824561402,0.001627604166666666 ,0.001570870535714286 ,0.00181811951754386  ,0.0016454221491228069,0.001739831349206349 ,0.0014605034722222218,0.0015905975877192984,0.0013696289062499996,0.001518229166666667 ,0.0015388997395833334,0.001534722222222222 ,0.0016223958333333335,0.0014691840277777774,0.0016115196078431368,0.0017976888020833338,0.0016829427083333336,0.001526227678571429 ,0.0013862847222222226,0.001329861111111111 ,0.001509415064102564 ,0.001379123263888889 ,0.0015169270833333332,0.0017109374999999998,0.0017126225490196076,0.0014038085937500004
2  ,0.001740451388888889 ,0.003057725694444444 ,0.0016515899122807013,0.0017978050595238093,0.002021780303030303 ,0.0016286892361111114,0.0019468749999999996,0.0014626736111111116,0.0017708333333333332,0.0016262335526315789,0.0016612413194444446,0.0017339409722222227,0.0018359375         ,0.0015388257575757573,0.0012282986111111112,0.0018780048076923077,0.0012909226190476186,0.0017227564102564102,0.001626602564102564 ,0.0013899739583333331,0.0016160857371794873,0.0013118489583333341,0.0013118489583333333,0.0012239583333333336,0.0013310185185185185,0.0013850911458333332,0.0012406994047619048,0.0014208984374999999,0.0014153645833333331,0.0014568865740740738,0.0014088541666666674,0.00166416266025641  ,0.0017790570175438595,0.0018880208333333333,0.001600877192982456 ,0.0017187499999999996,0.001621527777777778 ,0.0017406798245614033,0.001636284722222222 ,0.001804387019230769 ,0.001730034722222222 ,0.0015391995614035087,0.0017817982456140352,0.0017282652243589744,0.0014008246527777777,0.0016321997549019612,0.001819490131578947 ,0.0013328598484848484,0.0015724571078431376,0.0016560872395833337,0.0017094494047619046,0.0019456129807692312,0.0015104166666666666,0.0018007046568627452,0.0014872685185185182,0.0015972222222222225,0.0015514823717948717,0.0016585286458333335,0.0018012152777777783,0.002027420343137255 ,0.0017265625000000002,0.0017260742187499992,0.001577690972222222 ,0.0016536458333333331,0.001787860576923077 ,0.0017640128968253966,0.0015960800438596496,0.001772203947368421 ,0.0016269841269841267,0.0016415550595238093,0.0018078399122807014,0.0015871710526315789,0.0018495783730158733,0.0014659288194444444,0.0015734649122807016,0.00147705078125     ,0.0015963541666666667,0.001775716145833333 ,0.0016015625000000001,0.001493923611111111 ,0.0015256076388888884,0.0015081188725490195,0.0017618815104166665,0.0014916992187500003,0.0015318080357142856,0.0013654513888888894,0.0014079861111111114,0.001479366987179487 ,0.0015158420138888886,0.0016555059523809524,0.0017508680555555556,0.0015862438725490191,0.0013972981770833332
3  ,0.0016611842105263158,0.0016515899122807013,0.003103358725761773 ,0.001676456766917293 ,0.002147502990430622 ,0.0019140624999999995,0.0021039473684210525,0.0018242872807017545,0.0020455332409972295,0.0018087777008310249,0.001708470394736842 ,0.001766036184210526 ,0.0019904478744939276,0.001463815789473684 ,0.0012513706140350879,0.0022691042510121456,0.001439144736842105 ,0.0021046305668016197,0.0018092105263157892,0.0013353207236842103,0.0020783780364372474,0.0015131578947368415,0.0014391447368421054,0.0013578216374269003,0.0015643274853801164,0.0014617598684210527,0.0012088815789473688,0.0015758634868421055,0.0015057565789473684,0.0013422880116959065,0.0016077302631578951,0.0020129048582995953,0.0018810595567867034,0.002047064777327935 ,0.001674168975069252 ,0.0019269120065789477,0.00171875           ,0.001880193905817175 ,0.0018031798245614031,0.0019094762145748995,0.0017702850877192979,0.0017875692520775619,0.0017823753462603874,0.0019857034412955462,0.0016536458333333331,0.001934017027863777 ,0.001979743767313019 ,0.001590909090909091 ,0.0016490905572755414,0.001958778782894737 ,0.0019102443609022553,0.00207774544534413  ,0.0017293233082706768,0.0017095588235294117,0.0016520467836257304,0.001721491228070176 ,0.001581477732793522 ,0.0018081825657894738,0.0020303362573099414,0.0018271091331269348,0.0017543859649122803,0.0017238898026315794,0.0016769462719298247,0.0016815270083102493,0.0018740511133603242,0.002079417293233083 ,0.0019039993074792243,0.0019035664819944597,0.0018381892230576445,0.00175281954887218  ,0.0020373095567867037,0.0018490304709141271,0.0020230263157894734,0.0015618146929824563,0.0018230609418282545,0.0016673519736842102,0.0017560307017543855,0.0017624383223684215,0.001787828947368421 ,0.0018031798245614031,0.001586485745614035 ,0.0019640092879256964,0.0020047800164473685,0.001850328947368421 ,0.0017657424812030074,0.0015975877192982455,0.0016485745614035084,0.001615005060728745 ,0.0015851151315789474,0.001697015977443609 ,0.0017171052631578948,0.0018058243034055727,0.0017973889802631582
4  ,0.0017178199404761904,0.0017978050595238093,0.001676456766917293 ,0.0030580357142857145,0.0019044237012987013,0.0017392113095238096,0.001772321428571428 ,0.0016266741071428571,0.0017404840225563906,0.0018015742481203008,0.0019242931547619048,0.0017122395833333336,0.0019089114010989012,0.0018262987012987013,0.001329985119047619 ,0.001748368818681319 ,0.0014716198979591835,0.0016831215659340655,0.0018621222527472525,0.0015527343750000003,0.0020226648351648353,0.0013936941964285718,0.0013922991071428571,0.0014756944444444446,0.0012971230158730165,0.0015234375000000003,0.0011910076530612245,0.0015318080357142854,0.001558035714285714 ,0.00142609126984127  ,0.0016216517857142855,0.0018376545329670333,0.001937852443609022 ,0.002059151785714286 ,0.0017398966165413535,0.0018589564732142858,0.0018348214285714283,0.0018914473684210527,0.001915922619047619 ,0.0017771291208791213,0.001848958333333333 ,0.0018221334586466166,0.00176750469924812  ,0.0018131868131868133,0.0016331845238095242,0.0019065126050420173,0.001883223684210526 ,0.0016010551948051946,0.0017981880252100836,0.0019063895089285717,0.0018710140306122448,0.00186770260989011  ,0.0017036033163265307,0.0018848476890756306,0.0014967757936507936,0.0018348214285714287,0.0018355082417582417,0.0017668805803571427,0.001971726190476191 ,0.001974789915966386 ,0.0019337797619047618,0.001974051339285714 ,0.0019335937499999998,0.0016341635338345865,0.0018432348901098901,0.0017819940476190479,0.0017416588345864664,0.0017868890977443606,0.001718218537414966 ,0.001698022959183673 ,0.0018432800751879694,0.0017187500000000002,0.0018680909863945578,0.001571800595238095 ,0.0016840930451127816,0.0015673828125      ,0.001558779761904762 ,0.0016022600446428574,0.0016093749999999997,0.001712053571428572 ,0.0015169270833333339,0.0017627363445378154,0.0019252232142857146,0.0017550223214285714,0.001678890306122449 ,0.0014665178571428568,0.0014531250000000004,0.0015084134615384619,0.001586681547619048 ,0.0017004145408163263,0.0017276785714285716,0.0017916228991596641,0.001544363839285714
5  ,0.001809303977272727 ,0.002021780303030303 ,0.002147502990430622 ,0.0019044237012987013,0.003921100206611569 ,0.0017335464015151509,0.002766193181818181 ,0.001927675189393939 ,0.0019606010765550242,0.0025650418660287076,0.0019300426136363632,0.0019176136363636361,0.0025180288461538465,0.0017413481404958675,0.0011896306818181819,0.0022702687937062936,0.001547280844155844 ,0.0022896634615384615,0.00186680506993007  ,0.0016708096590909093,0.0024636691433566438,0.0017640269886363639,0.001705433238636364 ,0.0017700441919191918,0.0016508838383838377,0.001668146306818182 ,0.0016051136363636365,0.0016743607954545457,0.0017201704545454545,0.0016808712121212119,0.001953125          ,0.0023175262237762236,0.002045080741626794 ,0.002306053321678321 ,0.0019344348086124407,0.002294921875       ,0.001887310606060606 ,0.002314967105263158 ,0.001905776515151515 ,0.0026166411713286716,0.002037405303030303 ,0.0019934958133971292,0.0018574312200956944,0.002305780157342658 ,0.001879142992424242 ,0.0018812667112299468,0.001944153708133971 ,0.001730371900826446 ,0.0016544117647058825,0.001989080255681818 ,0.0020885754870129873,0.0021713833041958047,0.001872463474025974 ,0.0021185661764705883,0.0017621527777777774,0.001976325757575757 ,0.001832386363636364 ,0.0021040482954545452,0.002138178661616162 ,0.0021540775401069517,0.002302556818181818 ,0.001858575994318182 ,0.00185250946969697  ,0.0021175986842105264,0.00233364291958042  ,0.0022774621212121216,0.0024080442583732055,0.002178528708133971 ,0.0023444264069264068,0.002021611201298701 ,0.002630457535885167 ,0.002117224880382775 ,0.0024834280303030294,0.0016495028409090906,0.002136288875598086 ,0.0017458274147727272,0.001982481060606061 ,0.0019997336647727274,0.0019971590909090902,0.0019985795454545456,0.0016992187499999996,0.001995320855614973 ,0.0024025656960227266,0.002090731534090909 ,0.001901887175324675 ,0.0016657196969696968,0.0017732007575757573,0.0018061625874125876,0.001689749053030303 ,0.0019226866883116879,0.0018229166666666663,0.0019226270053475931,0.001764914772727273
6  ,0.0015017361111111108,0.0016286892361111114,0.0019140624999999995,0.0017392113095238096,0.0017335464015151509,0.0028059895833333326,0.0015359374999999998,0.0016210937500000001,0.001661184210526316 ,0.0016714638157894742,0.0015332031249999996,0.001633029513888889 ,0.0016416266025641028,0.0011730587121212123,0.0010763888888888889,0.0017843549679487176,0.0013169642857142857,0.0017327724358974362,0.0016997195512820514,0.0013753255208333334,0.0019130608974358976,0.0012711588541666665,0.0012955729166666667,0.0011545138888888887,0.0013671875000000003,0.0014420572916666666,0.0011179315476190477,0.0014843750000000002,0.00145703125        ,0.0013223379629629629,0.001328125          ,0.00169521233974359  ,0.001824972587719298 ,0.0017923677884615387,0.0015796326754385958,0.001748046875       ,0.0016128472222222221,0.0016282894736842108,0.0017890624999999999,0.001600060096153846 ,0.0016137152777777775,0.0015947094298245613,0.0014980811403508773,0.001580028044871795 ,0.0014333767361111112,0.0017340686274509803,0.0018242872807017548,0.0013861268939393938,0.0015801164215686278,0.0018546549479166667,0.0016806175595238094,0.0018624799679487177,0.001528087797619047 ,0.001605392156862745 ,0.0014887152777777778,0.0015173611111111115,0.0013721955128205131,0.0016105143229166662,0.0017447916666666666,0.0018566176470588241,0.0017890624999999996,0.0015714518229166666,0.0016200086805555555,0.001472039473684211 ,0.0015995592948717947,0.0017900545634920635,0.00175438596491228  ,0.0018030427631578949,0.0015265376984126985,0.0016238839285714285,0.0018222313596491224,0.0017722039473684207,0.001876860119047619 ,0.0014626736111111114,0.0016817434210526316,0.0015185546874999997,0.0016006944444444447,0.001484375          ,0.001592881944444445 ,0.0014835069444444446,0.0013487413194444447,0.0018229166666666671,0.0018367513020833327,0.0016748046875000003,0.001568080357142857 ,0.0014105902777777782,0.0014626736111111116,0.0013912259615384618,0.0014214409722222217,0.001716889880952381 ,0.0015911458333333333,0.001598498774509804 ,0.00158935546875
7  ,0.0019307291666666672,0.0019468749999999996,0.0021039473684210525,0.001772321428571428 ,0.002766193181818181 ,0.0015359374999999998,0.0036510000000000006,0.0019338541666666666,0.002162171052631579 ,0.002384868421052632 ,0.0018223958333333332,0.001908333333333333 ,0.00250625           ,0.0019482954545454545,0.001340625          ,0.0023759615384615386,0.001441964285714286 ,0.0022728365384615387,0.0019639423076923076,0.00155625           ,0.0021862980769230774,0.0015929687499999998,0.0016992187500000002,0.0016409722222222223,0.0016770833333333334,0.0015101562500000002,0.0014241071428571428,0.0016124999999999998,0.0016556249999999998,0.0016319444444444443,0.0017706250000000005,0.002401682692307692 ,0.002001315789473684 ,0.002489903846153846 ,0.0020148026315789476,0.0022507812499999993,0.0020079166666666665,0.00221875           ,0.0019920833333333336,0.0027937500000000007,0.00218375           ,0.0020605263157894736,0.0020430921052631574,0.002380769230769231 ,0.0021130208333333326,0.002045955882352941 ,0.0019726973684210526,0.0017812500000000003,0.0018058823529411767,0.002183984375       ,0.0018888392857142858,0.002413221153846154 ,0.0019433035714285713,0.0020768382352941176,0.0016527777777777778,0.0021004166666666667,0.002055769230769231 ,0.0022578125000000007,0.0021013888888888883,0.002156985294117647 ,0.002185416666666667 ,0.0018652343749999995,0.0019119791666666666,0.002052960526315789 ,0.0024718749999999992,0.0021860119047619054,0.002313157894736842 ,0.0021707236842105266,0.0024380952380952375,0.002103125          ,0.002576644736842106 ,0.00211546052631579  ,0.00240625           ,0.001672395833333333 ,0.0022575657894736843,0.001823828125       ,0.0019000000000000002,0.002094921875       ,0.0019154166666666664,0.002236666666666667 ,0.0018880208333333331,0.001714705882352941 ,0.0022384765625000002,0.001957421875       ,0.0017874999999999998,0.0017958333333333337,0.0017337499999999998,0.0018254807692307696,0.0015791666666666664,0.0018388392857142854,0.0019420833333333332,0.0020080882352941174,0.0017199218749999997
8  ,0.0013747829861111113,0.0014626736111111116,0.0018242872807017545,0.0016266741071428571,0.001927675189393939 ,0.0016210937500000001,0.0019338541666666666,0.0029752604166666673,0.001729029605263158 ,0.0018489583333333335,0.0014659288194444444,0.001745876736111111 ,0.001773838141025641 ,0.001703361742424242 ,0.0010460069444444445,0.0018359375000000005,0.001556919642857143 ,0.0018103966346153845,0.0018810096153846158,0.0014485677083333327,0.0017678285256410256,0.0014550781250000009,0.0014257812499999997,0.0014814814814814812,0.001461226851851852 ,0.001507161458333333 ,0.0013039434523809523,0.0015445963541666666,0.0016809895833333327,0.0013411458333333333,0.001688802083333333 ,0.0018304286858974361,0.0017016173245614035,0.0021163862179487186,0.0016639254385964917,0.0016894531249999998,0.0017013888888888892,0.0017948190789473682,0.0017387152777777778,0.0017482972756410258,0.0014453125000000004,0.001759868421052632 ,0.001715323464912281 ,0.0016376201923076923,0.0015690104166666667,0.001690410539215686 ,0.0016721491228070178,0.0014535984848484849,0.0016651348039215684,0.0020841471354166668,0.0016192336309523807,0.0017603165064102564,0.0016899181547619046,0.0016720281862745098,0.0015422453703703705,0.0014869791666666666,0.0015084134615384616,0.0017407226562500004,0.0020746527777777777,0.0015770526960784312,0.0017890625000000003,0.0015486653645833334,0.0015462239583333333,0.0019373629385964909,0.0017983774038461539,0.0021515376984126986,0.0017831688596491226,0.001808525219298246 ,0.0020597718253968253,0.001994977678571429 ,0.0019455866228070178,0.0017118969298245614,0.002138516865079365 ,0.001494140625       ,0.0018983004385964913,0.00169921875        ,0.001832465277777778 ,0.00152099609375     ,0.001863715277777778 ,0.0017907986111111115,0.0015169270833333337,0.0016360294117647057,0.0018046061197916669,0.0015568033854166663,0.0014853050595238094,0.0014687500000000002,0.0014600694444444442,0.0013842147435897437,0.001358506944444444 ,0.0015727306547619042,0.0014270833333333334,0.0016873468137254901,0.0016796875
9  ,0.0016392543859649123,0.0017708333333333332,0.0020455332409972295,0.0017404840225563906,0.0019606010765550242,0.001661184210526316 ,0.002162171052631579 ,0.001729029605263158 ,0.00283067867036011  ,0.0018754328254847645,0.0016029331140350882,0.0017735745614035087,0.0019442687246963566,0.0016200657894736845,0.0013706140350877194,0.002109691295546558 ,0.001387453007518797 ,0.001954706477732794 ,0.0018528593117408908,0.001446340460526316 ,0.001767775809716599 ,0.00154296875        ,0.0014720394736842106,0.0014144736842105262,0.0014181286549707604,0.0014052220394736841,0.001307565789473684 ,0.001489514802631579 ,0.0015057565789473681,0.0012390350877192983,0.0016003289473684212,0.0019069458502024288,0.0016659452908587252,0.0019566042510121458,0.0016776315789473683,0.001764494243421053 ,0.0017406798245614037,0.0017503462603878119,0.0016260964912280702,0.002008793016194332 ,0.0017373903508771924,0.0017200484764542936,0.0017131232686980612,0.0018835399797570854,0.0016001918859649123,0.001913699690402477 ,0.0019100588642659278,0.0013912978468899522,0.0015750773993808054,0.001826171875       ,0.0017252114661654141,0.0019423709514170037,0.0015237312030075187,0.001598297213622291 ,0.0015168128654970763,0.0016644736842105264,0.0016390435222672067,0.0018436472039473682,0.0019042397660818714,0.0017613196594427247,0.001705043859649123 ,0.0016519325657894741,0.001656387061403509 ,0.0016953774238227144,0.0019496457489878542,0.0018953634085213031,0.0017979570637119112,0.0018118074792243762,0.0018616854636591476,0.0017469454887218047,0.0018706717451523547,0.0017564058171745153,0.0019627192982456143,0.0015323464912280703,0.0017295706371191137,0.0016534745065789472,0.001777412280701754 ,0.0016714638157894733,0.0016984649122807017,0.001632675438596491 ,0.0015871710526315789,0.0017501934984520122,0.001887078536184211 ,0.001808182565789474 ,0.0016394501879699248,0.0015071271929824558,0.001640899122807018 ,0.0016181680161943316,0.0014843750000000002,0.0017804276315789474,0.0017099780701754386,0.0018135642414860683,0.0016509046052631576
10 ,0.0017345120614035087,0.0016262335526315789,0.0018087777008310249,0.0018015742481203008,0.0025650418660287076,0.0016714638157894742,0.002384868421052632 ,0.0018489583333333335,0.0018754328254847645,0.00310595567867036  ,0.0018050986842105263,0.0018016721491228077,0.002334261133603239 ,0.0016507177033492826,0.0010882675438596493,0.0020843876518218626,0.0013287124060150373,0.002091346153846154 ,0.0017642965587044528,0.0015296052631578949,0.002298836032388664 ,0.001485402960526316 ,0.0015121299342105263,0.0016200657894736847,0.0014309210526315791,0.0015008223684210527,0.001419172932330827 ,0.0016755756578947373,0.0016348684210526312,0.001553362573099415 ,0.0016143092105263155,0.002079959514170041 ,0.0019875346260387807,0.002129617914979757 ,0.0018031509695290858,0.0019459292763157894,0.0016030701754385962,0.0020048476454293633,0.0016864035087719297,0.0021663081983805664,0.001833333333333333 ,0.0019057306094182823,0.001641707063711911 ,0.0019309843117408902,0.0017530153508771929,0.0017066563467492263,0.0017841066481994463,0.0015393241626794258,0.0015431501547987616,0.0018621504934210528,0.0019308035714285714,0.002221976214574899 ,0.0017628054511278199,0.0018561339009287926,0.0015149853801169591,0.0017450657894736844,0.0016042510121457487,0.001942845394736842 ,0.0018434758771929825,0.001856133900928793 ,0.0021469298245614036,0.0017377672697368428,0.001797560307017544 ,0.0017854051246537393,0.002049911437246963 ,0.0020277255639097745,0.002088815789473684 ,0.0019130886426592798,0.002129151002506266 ,0.0018867481203007524,0.0022229916897506916,0.001971952908587257 ,0.0021863251879699246,0.0015590734649122803,0.002142053324099723 ,0.0016334292763157893,0.0019144736842105262,0.001772717927631579 ,0.0018629385964912275,0.0019226973684210525,0.001624862938596491 ,0.001853231424148607 ,0.002245579769736842 ,0.001858552631578948 ,0.0016964285714285714,0.0016578947368421052,0.001617872807017544 ,0.0016093117408906878,0.0015391995614035085,0.0017322603383458648,0.0018278508771929823,0.0018682275541795667,0.001760896381578948
11 ,0.0016406249999999997,0.0016612413194444446,0.001708470394736842 ,0.0019242931547619048,0.0019300426136363632,0.0015332031249999996,0.0018223958333333332,0.0014659288194444444,0.0016029331140350882,0.0018050986842105263,0.0029058159722222215,0.001460503472222222 ,0.0019841746794871796,0.0016607481060606063,0.0012044270833333336,0.0018229166666666667,0.001272321428571429 ,0.0018930288461538462,0.0016235977564102565,0.00140625           ,0.0020157251602564105,0.0013948567708333328,0.0013395182291666664,0.0014453125         ,0.0012962962962962965,0.0013134765625      ,0.0011681547619047617,0.0015039062499999996,0.0013398437499999997,0.0014120370370370372,0.0015494791666666669,0.0019806690705128213,0.0018030427631578942,0.0019516225961538462,0.0015960800438596487,0.001837565104166667 ,0.0015364583333333335,0.0018695175438596494,0.0016145833333333335,0.001680689102564103 ,0.001609375          ,0.0017249177631578946,0.00154125548245614  ,0.0018920272435897435,0.0014409722222222222,0.0016245404411764708,0.0019579221491228065,0.0013648200757575754,0.0014744178921568627,0.001900227864583333 ,0.0017224702380952384,0.0017462940705128202,0.001564360119047619 ,0.0016697303921568629,0.0014771412037037038,0.0014539930555555558,0.001545472756410256 ,0.001708984375       ,0.0017990451388888884,0.0016475183823529407,0.0017595486111111113,0.0017277018229166666,0.001763237847222222 ,0.0016502192982456145,0.0017312700320512824,0.001779513888888889 ,0.0016940789473684208,0.0017770010964912285,0.0016610863095238098,0.00168061755952381  ,0.0018448464912280702,0.0016666666666666668,0.001819196428571429 ,0.0014388020833333334,0.001726973684210526 ,0.0013232421875      ,0.001516493055555556 ,0.0016259765625      ,0.0016067708333333335,0.0016345486111111114,0.0014225260416666666,0.0016559436274509803,0.001719156901041667 ,0.0015022786458333335,0.0015569196428571429,0.0014973958333333337,0.001220486111111111 ,0.0014923878205128208,0.0014268663194444446,0.0014043898809523812,0.001675347222222223 ,0.0017340686274509801,0.001502278645833333
12 ,0.0016069878472222223,0.0017339409722222227,0.001766036184210526 ,0.0017122395833333336,0.0019176136363636361,0.001633029513888889 ,0.001908333333333333 ,0.001745876736111111 ,0.0017735745614035087,0.0018016721491228077,0.001460503472222222 ,0.0030946180555555553,0.0017297676282051287,0.0014902935606060604,0.0012065972222222224,0.002016225961538462 ,0.0012834821428571426,0.0017508012820512822,0.001758814102564103 ,0.0012760416666666669,0.001951121794871795 ,0.0013867187500000001,0.001292317708333333 ,0.0012702546296296299,0.001238425925925926 ,0.0014420572916666666,0.001218377976190476 ,0.001482747395833333 ,0.00166796875        ,0.0013035300925925925,0.0015312500000000003,0.0015594951923076925,0.0018955592105263158,0.0020577924679487177,0.001664610745614035 ,0.0017488606770833328,0.0016953125000000002,0.0017304002192982456,0.001657986111111111 ,0.0017713341346153853,0.0016901041666666668,0.001665981359649123 ,0.0018585526315789474,0.0017232572115384616,0.0015136718750000003,0.0017018995098039217,0.0016344572368421056,0.0014382102272727274,0.0016015625         ,0.0017553710937499999,0.0019242931547619046,0.0019210737179487182,0.0015634300595238097,0.0017432598039215685,0.00140625           ,0.001788194444444444 ,0.0016676682692307694,0.0017578124999999996,0.0018612557870370367,0.0019255514705882359,0.0018289930555555557,0.001924641927083333 ,0.0016026475694444445,0.001602247807017544 ,0.001716746794871795 ,0.0018328373015873015,0.0016138980263157895,0.0016625548245614036,0.001697048611111111 ,0.001613653273809524 ,0.0016995614035087716,0.0016817434210526316,0.0018043154761904763,0.0014561631944444446,0.0015933388157894732,0.0014322916666666666,0.0016024305555555562,0.0016748046875      ,0.001504340277777778 ,0.001571180555555556 ,0.0013487413194444447,0.0017325367647058822,0.001896565755208333 ,0.0017374674479166666,0.0015355282738095234,0.0014079861111111112,0.0015642361111111113,0.0014493189102564108,0.0015125868055555554,0.0017652529761904763,0.001615451388888889 ,0.0017501531862745099,0.0015511067708333336
13 ,0.0017533052884615384,0.0018359375         ,0.0019904478744939276,0.0019089114010989012,0.0025180288461538465,0.0016416266025641028,0.00250625           ,0.001773838141025641 ,0.0019442687246963566,0.002334261133603239 ,0.0019841746794871796,0.0017297676282051287,0.003260909763313609 ,0.001965144230769231 ,0.0011508413461538464,0.002272790310650888 ,0.0015238667582417591,0.0023097725591715978,0.0019840976331360945,0.0015414663461538463,0.0021352625739644976,0.0015294471153846152,0.0014978966346153848,0.00164463141025641  ,0.001545806623931624 ,0.0016601562500000006,0.0014620535714285712,0.0018088942307692307,0.0018040865384615391,0.0016072382478632484,0.0018082932692307693,0.0022233265532544382,0.0019502783400809711,0.002210613905325445 ,0.0018136386639676114,0.0020579176682692314,0.001709935897435898 ,0.002088499493927126 ,0.001748798076923077 ,0.0022395062869822488,0.0019563301282051284,0.0018781629554655874,0.001891763663967611 ,0.002274177144970414 ,0.001779346955128205 ,0.001843891402714932 ,0.001971786437246963 ,0.0016493662587412587,0.0017350113122171949,0.0020890925480769235,0.0018677026098901097,0.0020529770710059174,0.0019226476648351654,0.0019347426470588236,0.001638621794871795 ,0.0019190705128205126,0.0017377034023668642,0.0018719951923076926,0.002022903311965812 ,0.001993071266968326 ,0.0018778044871794876,0.0019884314903846154,0.0018274238782051279,0.0019047317813765184,0.002340051775147929 ,0.002038976648351649 ,0.002187816295546559 ,0.0020303011133603237,0.002206101190476191 ,0.0020415521978021977,0.0022314650809716597,0.0022387398785425096,0.0022719207875457883,0.0017583133012820515,0.0021625126518218614,0.0017149939903846154,0.001958733974358975 ,0.002022235576923077 ,0.0018100961538461539,0.0020280448717948717,0.0017437900641025642,0.0018605062217194569,0.002264498197115385 ,0.0019204477163461547,0.0016406250000000004,0.001733573717948718 ,0.0016330128205128203,0.0017233727810650884,0.001533954326923077 ,0.0017093063186813192,0.001912259615384615 ,0.0019506504524886882,0.0017608173076923085
14 ,0.001522253787878788 ,0.0015388257575757573,0.001463815789473684 ,0.0018262987012987013,0.0017413481404958675,0.0011730587121212123,0.0019482954545454545,0.001703361742424242 ,0.0016200657894736845,0.0016507177033492826,0.0016607481060606063,0.0014902935606060604,0.001965144230769231 ,0.003352272727272727 ,0.0013375946969696973,0.0018078015734265733,0.0014306006493506498,0.0016919798951048953,0.0017263986013986018,0.0015553977272727269,0.0016171328671328675,0.0014843750000000002,0.001379616477272727 ,0.0016335227272727267,0.001268939393939394 ,0.0015465198863636362,0.0012560876623376623,0.00154296875        ,0.001723011363636364 ,0.0015041035353535353,0.0018437500000000006,0.0017083697552447554,0.0017194976076555023,0.0019738854895104893,0.0015737141148325358,0.0017427201704545456,0.0015984848484848488,0.001793510765550239 ,0.0018229166666666667,0.0017646416083916085,0.0015596590909090912,0.0016424940191387559,0.0019101375598086126,0.00180506993006993  ,0.0014630681818181817,0.0016920120320855615,0.001667912679425837 ,0.0015160123966942145,0.0018240307486631017,0.0016876775568181812,0.001629464285714286 ,0.0017296765734265735,0.001672077922077922 ,0.0017764037433155076,0.0013273358585858587,0.0017575757575757573,0.0016466346153846156,0.0017658025568181818,0.0020486111111111113,0.0017329545454545451,0.0016335227272727274,0.0017125355113636362,0.0016169507575757571,0.001801734449760765 ,0.0018072552447552452,0.0019839015151515153,0.001745663875598086 ,0.0018024820574162677,0.0019250541125541123,0.0018516639610389612,0.0018301435406698561,0.0017284688995215308,0.0018060064935064939,0.0017424242424242422,0.0017456638755980862,0.0015607244318181818,0.0017916666666666665,0.0016424005681818182,0.0016193181818181818,0.0018058712121212118,0.0015305397727272724,0.001501504010695187 ,0.0018044211647727272,0.0016406249999999997,0.0014417613636363634,0.0015606060606060603,0.001390151515151515 ,0.001482736013986014 ,0.0015080492424242428,0.0015148133116883117,0.0015861742424242427,0.0017596925133689836,0.0015198863636363634
15 ,0.0011046006944444445,0.0012282986111111112,0.0012513706140350879,0.001329985119047619 ,0.0011896306818181819,0.0010763888888888889,0.001340625          ,0.0010460069444444445,0.0013706140350877194,0.0010882675438596493,0.0012044270833333336,0.0012065972222222224,0.0011508413461538464,0.0013375946969696973,0.0033420138888888896,0.001438301282051282 ,0.0010193452380952382,0.0012550080128205128,0.0013361378205128205,0.0009733072916666667,0.0013561698717948721,0.0012662760416666666,0.0011100260416666667,0.0009982638888888888,0.0009780092592592592,0.00099609375        ,0.0008668154761904763,0.001015625          ,0.0011484375000000002,0.0011053240740740739,0.0011536458333333331,0.0012029246794871796,0.0012623355263157892,0.0013691907051282058,0.0012541118421052627,0.0011962890625000003,0.0011718750000000004,0.0011581688596491225,0.0011857638888888888,0.0013251201923076925,0.00134375           ,0.0012486293859649126,0.001197916666666667 ,0.0011939102564102568,0.0010742187499999999,0.0013863357843137258,0.0011992872807017542,0.0010487689393939394,0.0012729779411764707,0.0012679036458333333,0.001240699404761905 ,0.0013110977564102565,0.0011551339285714285,0.0012270220588235293,0.0010619212962962963,0.0014895833333333334,0.0014803685897435898,0.0015787760416666667,0.0016015625         ,0.0013112745098039214,0.001258680555555555 ,0.001346028645833333 ,0.0012586805555555554,0.0012266995614035091,0.0013040865384615391,0.0014149305555555558,0.001108826754385965 ,0.0013020833333333335,0.0012785218253968255,0.001171875          ,0.0012664473684210523,0.0010745614035087719,0.001258680555555556 ,0.0010308159722222222,0.0011691337719298242,0.0011311848958333337,0.0011961805555555558,0.0013362630208333332,0.0013385416666666667,0.001362847222222222 ,0.0012044270833333332,0.0011933210784313727,0.001150716145833333 ,0.0012858072916666662,0.0013950892857142855,0.0012291666666666668,0.0012656249999999998,0.0013261217948717958,0.0013302951388888887,0.0014620535714285712,0.0013663194444444445,0.001525735294117647 ,0.0012320963541666665
16 ,0.0017007211538461542,0.0018780048076923077,0.0022691042510121456,0.001748368818681319 ,0.0022702687937062936,0.0017843549679487176,0.0023759615384615386,0.0018359375000000005,0.002109691295546558 ,0.0020843876518218626,0.0018229166666666667,0.002016225961538462 ,0.002272790310650888 ,0.0018078015734265733,0.001438301282051282 ,0.0032692307692307704,0.0014594780219780224,0.0021128420857988166,0.0020215421597633127,0.0014100060096153848,0.0019304733727810647,0.0018164062499999999,0.0015737680288461541,0.0014837072649572655,0.0015638354700854707,0.0014746093750000007,0.0013890796703296703,0.0017758413461538465,0.0017067307692307696,0.0014850427350427352,0.0017572115384615382,0.0021341068786982255,0.0019240258097165995,0.0021403476331360947,0.0018421052631578945,0.002067307692307692 ,0.001683894230769231 ,0.002018914473684211 ,0.0019206730769230774,0.0020874167899408284,0.0019915865384615384,0.0018199645748987853,0.0021647267206477733,0.0022522189349112437,0.0017558092948717953,0.001892321832579186 ,0.001967990890688259 ,0.0016417176573426573,0.0018470729638009056,0.002177734375       ,0.0019574175824175824,0.0021493620562130175,0.0019329498626373624,0.0020510463800904976,0.0017174145299145302,0.0020164262820512816,0.0018199889053254444,0.001904672475961539 ,0.0022863247863247876,0.0019739819004524887,0.0019186698717948724,0.0018411959134615387,0.0017763421474358972,0.0018440030364372472,0.002001664201183432 ,0.0020776098901098905,0.0019069458502024292,0.001975265688259109 ,0.0020816163003663005,0.0019037603021978022,0.002261196862348178 ,0.0020334640688259107,0.0021085164835164837,0.001578525641025641 ,0.002030933704453441 ,0.001763446514423077 ,0.0018125000000000003,0.0019347205528846155,0.0019014423076923075,0.0018830128205128214,0.0017422876602564104,0.0018170248868778279,0.002137732872596154 ,0.0018490835336538469,0.0018046016483516483,0.0016927083333333334,0.0017411858974358974,0.0018930288461538462,0.001799879807692308 ,0.0018599759615384617,0.0018581730769230763,0.0019704468325791855,0.0017672025240384618
17 ,0.0012630208333333332,0.0012909226190476186,0.001439144736842105 ,0.0014716198979591835,0.001547280844155844 ,0.0013169642857142857,0.001441964285714286 ,0.001556919642857143 ,0.001387453007518797 ,0.0013287124060150373,0.001272321428571429 ,0.0012834821428571426,0.0015238667582417591,0.0014306006493506498,0.0010193452380952382,0.0014594780219780224,0.0029591836734693877,0.0014397321428571432,0.0017702609890109893,0.0013169642857142861,0.001512706043956044 ,0.0013197544642857143,0.001077008928571429 ,0.0011805555555555556,0.0011929563492063492,0.0013560267857142857,0.0010586734693877552,0.0013281249999999997,0.0011406249999999995,0.001158234126984127 ,0.001470982142857143 ,0.0012869162087912089,0.0011983082706766913,0.001557348901098901 ,0.0011560150375939846,0.0013853236607142853,0.001375             ,0.0014332706766917293,0.0014107142857142858,0.0012439903846153844,0.0011636904761904762,0.0013428101503759396,0.0014379699248120298,0.0012980769230769233,0.0011941964285714286,0.0014666491596638655,0.0015002349624060147,0.001221590909090909 ,0.0012394957983193277,0.0014411272321428574,0.001208545918367347 ,0.0014096840659340657,0.0014046556122448977,0.0013392857142857145,0.0012648809523809524,0.0012678571428571433,0.0013427197802197803,0.001396484375       ,0.0018105158730158727,0.0014154411764705883,0.0013392857142857145,0.001459263392857143 ,0.0012053571428571426,0.001346334586466165 ,0.0012886332417582419,0.0015529336734693882,0.0013298872180451124,0.001430921052631579 ,0.001240433673469388 ,0.0014636479591836737,0.0014720394736842106,0.001460291353383459 ,0.001609268707482993 ,0.0012220982142857142,0.0013181390977443609,0.0013016183035714287,0.0014002976190476196,0.0012890625         ,0.0015357142857142859,0.001369047619047619 ,0.001184895833333333 ,0.001439075630252101 ,0.0012493024553571427,0.0013741629464285713,0.0012021683673469387,0.0011398809523809521,0.0012395833333333334,0.001210508241758242 ,0.0012630208333333332,0.0012930484693877552,0.001244047619047619 ,0.0013694852941176473,0.0011900111607142856
18 ,0.0016070713141025646,0.0017227564102564102,0.0021046305668016197,0.0016831215659340655,0.0022896634615384615,0.0017327724358974362,0.0022728365384615387,0.0018103966346153845,0.001954706477732794 ,0.002091346153846154 ,0.0018930288461538462,0.0017508012820512822,0.0023097725591715978,0.0016919798951048953,0.0012550080128205128,0.0021128420857988166,0.0014397321428571432,0.0035045303254437883,0.0018976516272189352,0.0013604266826923075,0.002423261834319527 ,0.0014235276442307696,0.0014039963942307694,0.0014162660256410258,0.001544471153846154 ,0.0013198617788461543,0.001334993131868132 ,0.0016691706730769238,0.0016111778846153847,0.0013989049145299152,0.0016454326923076926,0.002107988165680474 ,0.001876897773279352 ,0.0021061390532544385,0.001693130060728745 ,0.001863356370192308 ,0.0017351762820512818,0.0018743674089068824,0.0016606570512820512,0.0021440458579881664,0.0016762820512820516,0.0018354630566801622,0.0017459514170040484,0.0020927329881656807,0.0016080729166666672,0.0018248020361990949,0.0019056806680161943,0.0014707167832167835,0.0016742081447963801,0.002047400841346154 ,0.0017659684065934067,0.002070774778106509 ,0.0018337912087912087,0.001797582013574661 ,0.0015651709401709405,0.0017299679487179488,0.0016004068047337284,0.0016980919471153851,0.0019077190170940165,0.0016925904977375568,0.0017752403846153844,0.0017333984375000001,0.001748297275641026 ,0.0017396255060728744,0.002150286612426035 ,0.00201264880952381  ,0.0019755819838056677,0.0019034665991902835,0.001985462454212455 ,0.0018698489010989011,0.002131831983805668 ,0.0018553896761133604,0.0020541437728937733,0.001518429487179487 ,0.002023342611336032 ,0.0016466346153846156,0.0018112980769230773,0.001829552283653846 ,0.0018088942307692309,0.0018497596153846157,0.0016957131410256408,0.0020156957013574665,0.0022994290865384613,0.0019305889423076924,0.0016453468406593405,0.0017379807692307694,0.00165625           ,0.0015347633136094678,0.001614082532051282 ,0.0017560954670329673,0.0017251602564102562,0.0018474264705882354,0.0018738731971153855
